53757
54186
53836
53925
54163
842
1645
51841
51683
20972
21746
35168
36699
55477
57150
56877
2236
112593
113964
190776
192435
-1
36908
39566
40494
40214
38273
39534
36539
33520
34524
31143
35796
34684
35505
32788
34955
35790
36026
41349
41209
41796
38422
45286
43320
46292
43456
46816
42653
41363
40544
40888
41560
42122
44903
39200
38069
38649
40212
38993
37471
36089
38916
37722
41695
42905
49978
51620
50984
97157
94284
95777
97076
95339
101881
99924
99146
100257
99579
98662
97250
98139
99695
100030
104141
103064
100584
103567
103911
109749
111196
110253
108659
